133.927
122.977
118.153
107.079
84.6021
82.104
80.2443
77.0368
74.6222
69.4227
69.2
63.7182
59.1231
53.024
46.7038
45.7727
43.0104
42.4311
36.306
35.4983
33.8691
31.3017
29.2252
28.7063
27.6733
26.8973
26.7095
26.3808
26.2697
25.2
21.7458
21.4737
21.3506
20.1097
19.5748
18.43
16.9508
16.5539
15.6113
14.8039
14.6378
13.9604
13.7006
13.62
13.5458
13.1918
13.0485
11.5292
10.1427
9.92752
9.18453
9.1
8.79029
8.7697
7.13772
6.42072
6.18341
4.95095
4.93529
4.4222
4.26575
4.04164
3.33307
3
2.72195
2.61036
2.3685
2.24968
2.2
1.63464
1.22